Entered main emulator! 
input file: ./tests/program.hex
Lepo zadati argumenti 
./tests/program.hex - File opened! 
 40 01 00 00 46 01 45 01 
 47 01 00 00 00 00 00 00 
 B0 61 12 A0 06 03 00 04 
 A0 16 03 00 06 70 01 A0 
 61 42 40 B0 61 12 A0 06 
 03 00 04 A0 16 03 00 06 
 71 01 A0 61 42 40 B0 61 
 12 A0 06 03 00 04 A0 16 
 03 00 06 72 01 A0 61 42 
 40 B0 61 12 A0 06 03 00 
 04 A0 16 03 00 06 73 01 
 A0 61 42 40 A0 60 00 FE 
 FE A0 00 00 00 04 10 0F 
 A0 00 00 00 00 B0 60 12 
 A0 00 00 00 01 B0 60 12 
 30 F0 00 00 10 B0 00 04 
 01 2C A0 00 00 00 01 B0 
 60 12 A0 00 00 00 01 B0 
 60 12 30 F7 05 79 FF B0 
 00 04 01 2E A0 00 00 00 
 08 B0 60 12 A0 00 00 00 
 0B B0 60 12 A0 00 00 00 
 02 A0 10 00 01 38 70 01 
 30 F0 02 B0 00 04 01 30 
 A0 00 00 00 02 B0 60 12 
 A0 00 00 00 02 B0 60 12 
 A0 00 00 00 04 30 F0 03 
 01 38 B0 00 04 01 32 A0 
 00 00 00 05 B0 60 12 A0 
 00 00 00 19 B0 60 12 A0 
 00 00 00 06 A0 10 00 01 
 38 70 01 A0 00 02 30 F0 
 01 B0 00 04 01 34 A0 00 
 04 01 2A A0 10 04 01 2C 
 A0 20 04 01 2E A0 30 04 
 01 30 A0 40 04 01 32 A0 
 50 04 01 34 A0 60 04 01 
 36 00 00 00 00 00 00 00 
 00 00 00 00 00 00 00 00 
 10 00 23 00 36 00 49 00 
 50 F0 00 00 5C 20 20 B0 
 60 12 01 2A 12 A0 00 00 
 AB CD A0 10 00 01 2A B0 
 01 02 A0 61 42 A0 60 42 
 20 
40 01 00 00 46 01 45 01 47 01 
00 00 00 00 00 00 B0 61 12 A0 
06 03 00 04 A0 16 03 00 06 70 
01 A0 61 42 40 B0 61 12 A0 06 
03 00 04 A0 16 03 00 06 71 01 
A0 61 42 40 B0 61 12 A0 06 03 
00 04 A0 16 03 00 06 72 01 A0 
61 42 40 B0 61 12 A0 06 03 00 
04 A0 16 03 00 06 73 01 A0 61 
42 40 A0 60 00 FE FE A0 00 00 
00 04 10 0F A0 00 00 00 00 B0 
60 12 A0 00 00 00 01 B0 60 12 
30 F0 00 00 10 B0 00 04 01 2C 
A0 00 00 00 01 B0 60 12 A0 00 
00 00 01 B0 60 12 30 F7 05 79 
FF B0 00 04 01 2E A0 00 00 00 
08 B0 60 12 A0 00 00 00 0B B0 
60 12 A0 00 00 00 02 A0 10 00 
01 38 70 01 30 F0 02 B0 00 04 
01 30 A0 00 00 00 02 B0 60 12 
A0 00 00 00 02 B0 60 12 A0 00 
00 00 04 30 F0 03 01 38 B0 00 
04 01 32 A0 00 00 00 05 B0 60 
12 A0 00 00 00 19 B0 60 12 A0 
00 00 00 06 A0 10 00 01 38 70 
01 A0 00 02 30 F0 01 B0 00 04 
01 34 A0 00 04 01 2A A0 10 04 
01 2C A0 20 04 01 2E A0 30 04 
01 30 A0 40 04 01 32 A0 50 04 
01 34 A0 60 04 01 36 00 00 00 
00 00 00 00 00 00 00 00 00 00 
00 00 10 00 23 00 36 00 49 00 
50 F0 00 00 5C 20 20 B0 60 12 
01 2A 12 A0 00 00 AB CD A0 10 
00 01 2A B0 01 02 A0 61 42 A0 
60 42 20 
